76773
5580
470147
91943
5599
5113
111463
40559
576137
1955577
5062
5073
69788
36656
60172
5094
172634
1089818
315943
365009
1174673
5493
1173061
5010
984962
40492
167356
36065
38945
5322
80661
234950
5269
120017
5537
741276
288795
208348
109895
39397
62727
931006
5111
301477
117066
41419
1924925
5076
69784
60169
647388
39412
1859660
259995
1209931
419778
2567926
1792513
67608
195774
39934
137528
50935
394999
55307
1280572
1495733
51657
27323
1807687
1506549
5475
44067
13563
207832
1514132
40463
47425
113602
76328
117070
1245892
68746
264141
1914046
425109
89926
5005
5296
133751
181123
4995
439312
1196538
1196563
97098
4846
373545
1486924
2170304
34485
179640
293377
229535
84562
41412
292466
1970635
61284
97339
148098
370292
47427
493452
1051122
91680
90258
2650738
1238773
1465820
185322
153505
1573064
708066
1079128
1206326
